794207727
794315054
796488603
797428456
798421641
800463694
802002070
804405510
805456126
805514390
806551094
808669015
809964044
811070978
812183241
812376736
813282514
814423398
815671388
817723678
818958893
820134815
822435372
823368355
825801224
826807014
827903429
829268360
830398318
831357718
832831965
836509794
837486174
838589696
840757360
842123954
843156857
844384881
845650806
846620679
847668825
848842241
849641849
850756118
851848563
853223047
854056599
855479241
856780019
857855771
792984713
794978164
796143233
796436631
797111806
798350409
800613087
808622892
809501321
815315981
824260217
825622700
830983810
832384292
837642916
840792272
842000872
844081159
845183447
847469342
851629224
854015414
